// --- CONFIGURAÇÃO DAS FASES ---
// Terrenos: 0: Caminho/Grama, 1: Lama (Marrom), 2: Lodo (Verde Escuro), 3: Água/Rio, 5: Parede/Cerca/Casas
// Objetos: M: Saída Menina (Casa), G: Saída Galinha (Celeiro), C: Chapéu, O: Ovo, B: Botão, P: Portão
const LEVELS = [
    {
        name: "Fase 1: Entrada da Fazenda",
        season: "summer",
        map: [
            [5, 5, 5, 5, 5, 5, 5, 5, 5, 5, 5, 5, 5, 5, 5, 5, 5, 5, 5, 5],
            [5, 'M', 0, 5, 5, 5, 5, 0, 0, 0, 0, 0, 5, 5, 5, 5, 0, 'G', 5, 5],
            [5, 0, 0, 5, 5, 5, 5, 0, 'C', 0, 0, 0, 5, 5, 5, 5, 0, 0, 0, 5],
            [5, 0, 0, 0, 0, 5, 0, 0, 1, 1, 0, 0, 'P', 2, 2, 2, 2, 0, 0, 5],
            [5, 5, 5, 0, 0, 5, 0, 0, 0, 0, 0, 0, 5, 2, 'O', 0, 2, 0, 3, 5],
            [5, 0, 0, 0, 0, 0, 0, 0, 1, 1, 0, 0, 5, 2, 2, 2, 2, 0, 3, 5],
            [5, 0, 'B', 0, 0, 0, 0, 0, 0, 0, 0, 0, 5, 0, 0, 0, 0, 3, 3, 5],
            [5, 5, 5, 5, 5, 5, 5, 5, 5, 5, 5, 5, 5, 5, 5, 5, 5, 5, 5, 5]
        ]
    },
    {
        name: "Fase 2: Celeiro da Fazenda",
        season: "summer",
        map: [
            [5, 5, 5, 5, 5, 5, 5, 5, 5, 5, 5, 5, 5, 5, 5, 5, 5, 5, 5, 5],
            [5, 'M', 0, 0, 0, 5, 0, 0, 0, 0, 0, 0, 5, 0, 0, 0, 0, 'G', 5, 5],
            [5, 0, 0, 0, 0, 5, 0, 0, 0, 0, 0, 0, 5, 0, 0, 0, 0, 0, 0, 5],
            [5, 0, 0, 1, 1, 5, 0, 0, 'B', 0, 0, 0, 'P', 0, 0, 2, 2, 0, 0, 5],
            [5, 0, 0, 1, 1, 5, 5, 5, 5, 5, 5, 5, 5, 0, 0, 2, 2, 0, 0, 5],
            [5, 'C', 0, 1, 1, 0, 0, 0, 0, 0, 0, 0, 0, 0, 0, 2, 2, 0, 'O', 5],
            [5, 0, 0, 0, 0, 0, 0, 0, 0, 0, 0, 0, 0, 0, 0, 0, 0, 0, 0, 5],
            [5, 5, 5, 5, 5, 5, 5, 5, 5, 5, 5, 5, 5, 5, 5, 5, 5, 5, 5, 5]
        ]
    },
    {
        name: "Fase 3: Pântano da Fazenda",
        season: "autumn",
        map: [
            [5, 5, 5, 5, 5, 5, 5, 5, 5, 5, 5, 5, 5, 5, 5, 5, 5, 5, 5, 5],
            [5, 'M', 0, 2, 2, 2, 0, 0, 0, 0, 0, 0, 0, 0, 2, 2, 2, 'G', 0, 5],
            [5, 0, 0, 2, 2, 2, 0, 1, 1, 1, 1, 1, 0, 0, 2, 2, 2, 0, 0, 5],
            [5, 0, 'C', 0, 0, 0, 0, 1, 'B', 0, 1, 1, 0, 0, 0, 0, 0, 'O', 0, 5],
            [5, 5, 5, 5, 5, 0, 0, 1, 1, 1, 1, 1, 0, 0, 5, 5, 5, 5, 5, 5],
            [5, 0, 0, 0, 'P', 0, 0, 0, 3, 3, 3, 0, 0, 0, 'P', 0, 0, 0, 0, 5],
            [5, 0, 0, 0, 5, 0, 0, 0, 3, 3, 3, 0, 0, 0, 5, 0, 0, 0, 0, 5],
            [5, 5, 5, 5, 5, 5, 5, 5, 5, 5, 5, 5, 5, 5, 5, 5, 5, 5, 5, 5]
        ]
    }
];